tt	A549	GM12878	H1hESC	HeLaS3	HepG2	HT1080	HUVEC	IMR90	K562	MCF7	NCIH460	NHEK	SKMEL5	SKNDZ	SKNSH
Feature#1	4.88E-05	8.50E-06	0.00183478	4.91E-07	0.461068428	0.153198142	0.043533733	0.030895371	0.561870515	0.007806602	0.422722008	3.01E-06	0.395261147	0.032117244	0.002242183
Feature#2	5.44E-11	0.080510743	1.95E-56	9.48E-10	0.094878582	0.015721742	1.26E-09	0.258941833	0.363019897	0.00683049	0.630193264	0.42695726	0.001404142	0.533914408	0.000129877
Feature#3	0.237025981	0.874674823	0.53578396	0.129118134	0.682932927	0.043264473	0.851478223	0.025783419	0.339814771	0.049950449	0.808998765	0.144366012	0.075686218	0.256410091	0.645951289
Feature#4	1.13E-07	2.95E-08	0.054321526	0.010264955	8.97E-05	0.09300874	0.002888909	0.91304069	0.006850273	0.024877243	0.01628434	0.002806878	0.698023489	0.002672846	0.0002704
Feature#5	0.769251182	0.005796811	0.00350803	0.890535074	0.361871609	0.066272691	0.320970172	0.539470297	0.161657751	0.826488957	0.530909442	0.017862018	0.427257761	0.634717753	0.332026913
Feature#6	0.194582243	0.026313915	1.16E-05	0.181383068	0.569810245	0.130403675	0.322125949	0.653720248	0.291738397	0.882218149	0.751660569	0.074388508	0.711022364	0.897840356	0.773818501
Feature#7	0.823648842	0.07884301	0.230623696	0.182547102	0.480578713	0.023772474	0.093337427	0.129781151	0.200148789	0.455447041	0.274454364	0.002397389	0.235510362	0.29402589	0.331043953
Feature#8	0.809319802	0.009828422	0.218134324	0.573184397	0.829329935	0.502271622	0.614187647	0.664465562	0.052756118	0.929212478	0.049778457	0.060216827	0.34851106	0.176828402	0.639888252
Feature#9	0.117100564	0.001990894	0.14899873	0.431872646	0.694421235	0.790343443	0.629823977	0.985025772	0.024293053	0.875679075	0.084168455	0.23284807	0.711024342	0.034483923	0.34309437
Feature#10	0.876786709	0.012724824	0.415391752	0.716098946	0.981597376	0.870164742	0.954555758	0.718060821	0.006000062	0.993229075	0.017568328	0.098332622	0.719744139	0.265464524	0.65830867
Feature#11	2.09E-12	0.005099783	0.000635608	0.830330572	0.008905407	0.003446492	1.14E-06	0.091570385	0.171869582	1.07E-06	0.828116454	0.001387694	0.373989798	0.095915018	3.71E-07
Feature#12	2.64E-05	0.873140197	0.205127097	0.915887779	0.189017171	0.020788232	0.003682196	0.169764045	0.932425886	0.007389098	0.982494716	0.004419967	0.310562902	0.729591722	0.000616785
Feature#13	0.000422716	0.80558415	0.543906591	0.781217397	0.539299549	0.156223507	0.00745644	0.513324376	0.549173718	0.035691162	0.882851722	0.110013251	0.502766178	0.490786963	0.026733432
Feature#14	2.34E-07	1.16E-05	2.11E-12	0.158719151	1.43E-06	0.00118385	2.14E-11	0.000725703	0.006465249	4.90E-14	0.950694096	0.064898303	0.136765733	0.032975212	0.010215446
Feature#15	0.003449274	1.23E-12	0.022469925	0.564637081	2.81E-08	0.159024784	1.62E-06	0.000888906	1.00E+00	8.99E-06	0.218518903	0.602130907	0.476582148	9.57E-05	0.209472558
Feature#16	1.00E+00	1.34E-07	5.81E-25	4.86E-08	2.60E-17	0.268518237	3.47E-13	0.926229613	8.99E-05	3.14E-10	0.004585307	0.000326782	0.003750809	0.000319797	6.93E-07
Feature#17	5.10E-08	1.00E+00	3.39E-24	0.014121444	0.000453539	0.026454299	0.014465767	0.551163832	0.000601947	0.186671871	0.598809381	0.925728393	0.574569899	0.022079474	0.194424136
Feature#18	5.94E-09	1.00E+00	6.01E-12	0.028854861	2.49E-06	0.391840322	1.62E-06	0.794193711	8.83E-10	0.000379808	0.344409521	0.651527695	0.15387965	0.000299612	0.345941463
Feature#19	2.82E-05	3.02E-11	1.00E+00	0.000511335	1.64E-13	0.201953074	2.51E-15	0.868961622	8.61E-06	5.26E-12	0.047919202	0.00233814	0.001258915	5.33E-05	0.070222393
Feature#20	3.85E-10	2.86E-09	1.00E+00	0.004079899	1.88E-12	0.757423378	1.12E-15	0.504951176	2.63E-06	6.37E-13	0.416689537	0.017624225	0.024889408	3.83E-05	0.137369612
Feature#21	0.001126448	0.764574535	1.00E+00	0.004134651	0.957505718	7.31E-06	0.06671503	0.000182215	0.11115639	0.803480343	0.131993449	0.069395039	0.886339207	0.860658077	2.37E-10
Feature#22	0.09403663	0.000289787	0.000209418	0.047431624	1.21E-07	0.274343685	1.00E+00	0.682077168	3.86E-05	0.000820356	0.144842857	0.676387274	0.028530126	0.00688073	0.40022132
Feature#23	9.88E-20	1.30E-15	4.54E-27	1.79E-07	7.52E-24	6.62E-06	1.00E+00	0.001243052	5.27E-12	2.98E-21	1.93E-05	6.41E-05	3.20E-06	2.08E-09	3.21E-11
Feature#24	9.32E-19	6.77E-09	0.020312688	0.000152214	3.32E-08	6.45E-19	1.00E+00	5.25E-15	0.000171309	2.47E-12	0.004065289	1.98E-14	0.007265158	0.000293203	3.56E-22
Feature#25	3.59E-12	3.70E-07	8.90E-06	2.71E-07	1.00E+00	3.69E-15	0.000562133	6.98E-09	0.001695448	3.32E-07	0.000901649	1.91E-09	0.046799556	0.061800664	4.16E-18
Feature#26	0.005020182	0.011193153	4.24E-08	0.103440322	1.00E+00	0.12957587	2.45E-06	0.265934369	0.002685604	0.000527891	0.17919547	0.869339924	0.016815873	0.00768141	0.849374438
Feature#27	2.18E-18	1.06E-17	5.07E-22	5.13E-07	1.00E+00	0.000156015	2.49E-22	0.053601906	9.90E-14	6.89E-19	0.000404465	9.77E-05	8.41E-05	6.90E-10	1.63E-06
Feature#28	0.000220537	2.80E-05	1.78E-20	0.165669016	4.53E-05	0.287683522	2.76E-05	0.083296526	1.00E+00	0.125512966	0.82362464	0.879724292	0.866151351	0.034300955	0.953458155
Feature#29	1.05E-05	0.007829896	0.071605473	0.139044073	0.04986357	2.09E-10	0.022110028	7.82E-07	0.016381552	0.000368354	0.78834777	1.00E+00	0.099452941	0.151283482	1.04E-07
Feature#30	2.17E-25	1.07E-23	5.35E-24	3.30E-13	1.29E-28	3.01E-11	5.05E-34	0.010485359	1.59E-12	1.99E-25	5.11E-08	1.00E+00	1.61E-07	6.35E-09	4.73E-22
Feature#31	9.71E-07	0.000797123	6.90E-11	1.94E-06	1.02E-07	0.572603716	2.05E-10	0.505353145	0.004132999	9.28E-05	0.005656223	1.00E+00	0.025821917	0.036168481	0.00389491
Feature#32	1.15E-11	1.20E-06	3.97E-11	0.010656587	1.92E-09	0.341377453	1.29E-18	0.990885562	9.10E-05	3.47E-08	0.079935378	0.036618336	0.000809519	1.70E-06	1.00E+00
Feature#33	3.63E-05	1.00E+00	0.547636445	7.96E-07	1.88E-05	5.95E-14	0.000410034	1.30E-05	0.000661946	1.06E-06	0.014294236	1.09E-08	0.001286897	0.005559997	8.31E-12
Feature#34	6.24E-05	7.02E-07	3.54E-13	1.00E+00	1.23E-08	0.323318712	2.83E-06	2.13E-05	1.90E-07	0.000763324	0.058652257	0.109635646	0.016357512	0.000665765	4.02E-05
Feature#35	0.103439164	0.416113927	0.682850079	1.00E+00	0.05817289	0.00397013	0.000504527	0.007802225	0.228056529	0.908348718	0.496232101	0.060864352	0.940889989	0.728057546	0.003928818
Feature#36	0.111555128	0.475303134	1.12E-12	1.00E+00	0.020957117	0.062216977	0.178625353	0.000550738	0.751289874	0.402089395	0.788340714	0.235263712	0.765780309	0.342742084	0.959941041
Feature#37	0.0084775	0.189135702	0.838050346	0.002654415	0.07868904	3.82E-09	0.12699286	6.36E-07	1	0.003469863	0.000719417	0.000195476	0.004653607	0.036669812	3.08E-08
Feature#38	3.17E-05	0.003346605	1.92E-17	0.046079976	1.59E-07	0.130048891	2.15E-05	0.56465534	0.071828188	1	0.176116244	0.284777949	0.050434263	0.084497715	0.430885369
Feature#39	1.00E+00	1.13E-16	3.69E-10	8.36E-08	7.28E-28	3.44E-06	4.08E-31	0.02507108	3.24E-09	4.27E-30	0.004382129	1.26E-06	2.91E-05	4.13E-06	3.55E-07
Feature#40	1.00E+00	0.193842703	3.73E-11	0.000121611	0.324546617	0.000172249	0.407338301	3.08E-06	0.030372394	0.657735279	0.019855374	0.00450063	0.867551189	0.914219162	1.32E-07
Feature#41	3.47E-13	1.55E-11	1.31E-07	0.007207581	1.52E-10	1.79E-06	1.36E-22	1.00E+00	0.000213449	1.32E-18	0.009875554	0.000341034	0.000453006	1.14E-06	1.68E-07
Feature#42	1.74E-14	7.57E-07	0.743408009	2.94E-09	2.57E-05	1.78E-18	9.47E-07	4.37E-09	8.40E-07	1.00E+00	0.000123869	1.34E-09	0.000497838	1.03E-05	8.93E-26
Feature#43	1.57E-10	0.919735684	1.98E-25	8.03E-06	0.299755813	0.48281265	0.24072783	1.00E+00	0.458065397	0.67790952	0.645818709	0.005154767	0.415761136	0.611677491	6.30E-08
Feature#44	1.30E-07	1.31E-08	9.49E-07	1.76E-06	2.39E-11	0.03622249	1.91E-24	1.00E+00	6.36E-06	1.35E-10	0.026669047	1.12E-05	0.000858364	0.000422743	4.01E-06
Feature#45	2.74E-47	3.01E-25	1.93E-42	1.41E-11	6.20E-31	3.48E-12	2.80E-52	1.04E-06	4.70E-14	6.41E-29	6.33E-05	1.16E-11	9.45E-08	1.36E-13	1.00E+00
Feature#46	3.29E-06	0.398383093	0.015633588	8.84E-07	0.018086025	3.48E-10	0.019096426	9.57E-12	0.00700049	2.76E-05	0.002849555	1.57E-06	0.032823145	0.088232117	1.00E+00
Feature#47	2.01E-36	4.59E-22	2.99E-29	3.31E-08	7.92E-33	3.76E-08	3.78E-38	1.33E-05	1.27E-14	1.00E+00	0.000127812	1.00E-09	7.32E-08	2.18E-10	7.03E-12
Feature#48	0.062722714	0.00450374	0.000301409	0.008213905	0.149279936	1.00E+00	0.08598759	8.45E-05	0.010216277	0.000136549	0.051268773	6.82E-05	0.032044792	0.427305366	1.20E-05
Feature#49	9.60E-35	2.75E-17	8.37E-36	2.14E-08	2.18E-29	1.00E+00	3.08E-35	1.17E-05	2.32E-16	1.53E-24	1.25E-05	5.45E-10	8.14E-08	4.44E-16	2.19E-20
Feature#50	0.135945265	0.001351923	0.00255891	0.000524343	0.001347863	5.93E-13	0.044211199	0.000334317	0.000562939	1.26E-05	0.002886135	4.34E-10	1.00E+00	0.283375634	3.83E-06
Feature#51	0.151187891	0.247782198	0.000400252	0.055538339	0.473205403	1.73E-07	0.472537346	0.003905682	0.025137073	0.001572404	0.000164694	0.00532673	0.263438032	1.00E+00	0.003247938
Feature#52	9.27E-12	2.68E-09	3.37E-12	0.000160958	4.12E-12	1.54E-07	1.78E-19	0.095472391	1.07E-08	6.16E-13	7.24E-08	0.084160262	1.00E+00	3.27E-16	3.99E-11
Feature#53	4.62E-11	9.34E-09	9.02E-28	0.045805085	3.36E-10	0.48138377	4.16E-09	0.29650442	0.000296023	2.56E-05	0.804210832	0.176416893	0.009744896	1.00E+00	0.000116834
Feature#54	7.76E-20	4.71E-11	8.76E-37	1.14E-07	2.58E-16	0.000133142	9.22E-19	0.074879904	7.88E-08	1.67E-11	1.00E+00	0.001187058	0.004473018	2.34E-06	2.20E-05
Feature#55	0.02401144	0.556134343	0.00028805	0.248451765	0.248176629	6.00E-07	0.565799927	0.001430795	0.339182519	0.041970148	1	6.40E-05	0.02816991	0.164070385	9.80E-05
Feature#56	3.82E-14	1.07E-13	5.80E-15	9.06E-08	1.53E-16	0.010324562	4.77E-20	0.132277011	1.66E-06	7.26E-14	0.007030139	5.86E-08	8.83E-05	0.001054475	1.26E-10
Feature#57	1.80E-07	3.97E-06	2.26E-08	0.000147371	1.57E-09	0.243350105	5.32E-14	0.033335157	6.02E-05	2.83E-06	0.023037835	0.084049719	0.000303613	3.61E-07	0.000757437
Feature#58	7.03E-14	3.05E-12	7.51E-16	1.33E-06	4.61E-16	0.026919427	7.81E-21	0.135994252	1.50E-06	4.00E-12	0.007790125	6.30E-07	0.00018007	0.000382195	1.41E-09
Feature#59	1.24E-10	2.91E-07	6.59E-14	0.000270248	8.14E-12	0.223795638	2.64E-20	0.232283697	2.50E-05	1.12E-08	0.029412506	0.001158059	0.000627018	0.000523705	1.61E-06
Feature#60	0.000443518	0.000158615	0.600878989	0.091260969	0.007942085	0.034052415	0.077915744	0.160943073	0.023219668	0.019186254	0.906656502	3.09E-05	0.367704776	0.443229606	0.000340286
Feature#61	0.954335006	0.62666448	0.313991219	0.016954433	0.384161389	0.598628448	0.296958388	0.348419035	0.124713299	0.535089773	0.977076812	0.794194612	0.217513319	0.003729312	0.770881024
Feature#62	2.13E-11	0.002634668	9.92E-09	0.104577345	0.003412129	8.85E-07	3.74E-08	0.000736022	0.00260892	1.69E-06	0.221872929	0.000548972	0.474572183	0.13652325	0.001082599
Feature#63	1.12E-05	0.31504301	0.016210021	0.629533565	8.84E-05	0.000228329	3.44E-05	0.002035897	0.801681679	1.88E-07	0.626914434	0.047150125	0.353223737	0.021210205	0.065349328
Feature#64	0.082217634	0.202112838	0.287897646	0.295818228	0.930388409	0.238548055	0.211426536	0.218663188	0.37493517	0.386711653	0.702828791	0.347093012	0.499159459	0.780766455	0.6228726
Feature#65	0.010835144	0.001252185	0.002965666	0.238070849	0.049171643	0.089435932	0.149411865	0.405904123	0.208307962	0.024993002	0.028584196	0.013648323	0.757615546	0.020278408	0.005274536
Feature#66	8.24E-16	3.77E-14	2.70E-06	0.614550446	1.64E-05	2.26E-09	1.36E-14	0.00470005	2.64E-09	1.36E-15	0.124917617	7.39E-07	0.219090611	0.059580507	7.31E-09
Feature#67	0.016846989	0.082251084	0.53176537	0.404917824	0.025091524	0.035048907	0.000128882	0.283665642	0.595785321	1.58E-05	0.77577564	0.079079559	0.015883082	0.647493058	0.218855839
Feature#68	2.13E-08	7.57E-05	0.006832408	0.79231048	0.01749755	1.60E-06	0.001335013	0.021284619	0.003289886	2.36E-05	0.022829688	5.01E-07	0.010096994	0.000209574	5.61E-05
Feature#69	0.230842734	1	1	0.595871011	0.691371392	1	0.852444081	0.78850272	0.289772497	1	0.449878115	1	0.748508272	0.8194517	0.246685686
Feature#70	0.389605319	0.276751852	0.786515375	0.439887525	0.54678213	0.847423451	0.35455824	0.744233713	0.772745166	0.357665623	0.136057991	0.219308288	0.018982633	0.060576183	0.017337419
Feature#71	0.006401375	0.003293889	0.117448681	0.30259901	0.000506521	0.686212512	0.008894066	0.149090594	0.013984715	0.012134429	0.300396489	0.001431656	0.051808602	0.648706885	0.006189704
Feature#72	0.648070563	0.254381677	1	0.493071415	1	1	0.44887645	1	1	0.677360568	1	1	1	0.387755102	0.62132936
Feature#73	0.243416075	0.006341215	0.126570063	0.445054621	0.119908637	0.00637406	0.46428171	0.033110765	0.304265776	0.049396224	0.86276858	0.129277152	0.790450992	0.015077925	0.023670058
Feature#74	0.192660963	1	0.471608922	0.079796396	0.810518195	0.718338453	0.916646604	0.651813305	0.792305827	0.689127196	0.374978558	0.90548865	0.473394113	1	0.684883669
Feature#75	0.015555849	0.000209926	0.824809256	0.427688258	0.020910576	0.411714687	0.25240408	0.72971375	0.141698607	0.282434674	0.028324505	0.03368746	0.200557745	0.001435031	0.097393818
Feature#76	0.855510864	0.723763409	1	1	0.276090327	0.695013092	0.443892411	0.150427937	0.664376918	0.285245687	0.085359437	1	0.592058386	0.807560436	0.246685686
Feature#77	0.553769055	0.08607245	0.090336332	0.394118885	0.202383898	0.321278615	0.097352796	0.283282159	0.849481921	0.077952191	0.697415864	0.504897928	0.200825023	0.478620909	0.387296287
Feature#78	0.350169171	0.004476208	0.00910771	0.067502236	0.709697344	1	0.810673562	0.327592192	0.770875358	0.075496095	0.838740838	0.330803956	0.688893456	0.376339711	0.828859732
Feature#79	0.541710221	0.828350555	0.790771191	0.748466682	0.82603432	0.824828982	0.262992291	0.274264214	0.120872945	0.274165156	0.142678648	0.074146555	0.47665194	0.122526284	0.83514112
Feature#80	0.344390781	0.508811615	0.84377479	1	0.000746103	0.014466846	0.014140994	0.069817482	0.193327815	0.000987093	0.374519531	0.85913297	0.17457507	0.831033055	0.213454295
Feature#81	1	0.191320433	0.041743736	0.142067588	0.044597256	0.018369914	0.071355834	0.016275793	0.390439226	0.190489716	0.409633695	0.902505177	0.024314973	0.826038847	0.179004103
Feature#82	0.691884537	0.536388296	0.041668518	0.796931784	0.785994998	0.394101736	0.119186612	0.682048102	0.672059832	0.52620884	0.564863222	0.027224995	0.038275763	0.668973065	0.615291129
Feature#83	0.149150628	0.806394038	4.92E-05	0.828177458	1	0.458137543	0.360230675	0.48041524	0.312363739	0.44552536	0.336936967	0.385518648	0.857864802	0.123174837	0.703701384
Feature#84	0.077369886	0.814018403	0.332346817	0.70449836	0.08735571	0.328285916	0.054636808	0.32191094	0.527125709	0.237831707	0.732194649	0.768348213	0.254927787	0.552367402	1
Feature#85	0.707006033	1	0.009347004	0.589643099	0.577828102	0.705167564	0.118255196	1	0.200826451	0.696175812	1	1	1	0.381045126	0.681196588
Feature#86	0.635641484	0.033581933	0.015199711	0.554741986	0.293730512	0.203517536	0.131276029	0.292996627	0.24051072	0.03463401	0.253936837	0.813586228	0.371457273	0.480690791	0.137174119
Feature#87	0.833812743	0.474245578	0.75354394	1	0.643046707	0.526315365	0.645589997	1	0.737421633	0.838121534	0.717847934	0.808961542	0.748508272	1	0.034120625
Feature#88	0.930505597	0.586720052	0.406727051	0.89875439	0.849543122	0.003574315	0.125950754	0.273490336	0.250236207	0.095814863	0.400628603	0.201394249	0.550074539	0.51690307	0.475432377
Feature#89	1	1	0.496483743	1	1	1	0.661951301	1	1	0.241015496	1	0.491244664	0.505932558	0.149744609	0.301183808
Feature#90	0.342656554	1	0.001824363	1	0.142608022	0.136112172	0.686841366	0.706261916	0.461321018	1	1	0.833537436	0.748508272	0.220621761	0.574635323
Feature#91	0.445742327	0.156157521	0.123946186	0.316715054	0.635541617	0.628991086	0.167265426	0.354411288	0.380126337	0.032510504	0.681550606	0.086981346	0.670055792	0.149682113	0.230532144
Feature#92	0.531327158	0.126971763	1	0.368010784	0.167871663	0.883260624	0.050612883	0.076016781	0.872773982	0.181355179	1	1	0.028645637	0.734120774	1
